111101010000000000
111101100000000000
111101110000000000
111110000000000000
111110010000000000
111000000000000000
111000000000000000
111000010000000000
111000100000000000
111000110000000000
111001000000000000
111001010000000000
111001100000000010
111001110000000001
111010000000001100
111010010000001010
100100010000000010
000100010000000001
110000000001100111
100100100000000001
000100100000000001
110000000010101000
100100000000000000
000100000000000000
110000000000011011
000100000000000001
110000000000100010
101000000000001110
101000010000001111
101000100000010000
101000110000010001
101001000000010010
101001010000010011
001000000011011101
101010010000001110
101010000000001111
101000100000010000
101000110000010001
101001000000010010
101001010000010011
001000000011011101
100101000000010100
000101000000000001
110000000000101101
001000000000010000
100101000000010101
000000000000001001
110000000000110010
010000000000000001
001000000000010000
111000000000000000
000000010000000101
110000000000110111
010000010000000001
001000000000010000
111000010000000000
000000100000001001
110000000000111100
010000100000000001
001000000000010000
111000100000000000
000000110000000101
110000000001000001
010000110000000001
001000000000010000
111000110000000000
000001100000000001
110000000001000111
000001100000000010
110000000001001011
001000000001011010
000001110000000001
110000000001001111
010001100000000001
001000000001100000
000001110000000001
110000000001010100
010001100000000001
001000000001100000
000010010000001111
110000000000000000
010001100000000001
111010010000001111
001000000001100000
000010010000001111
110000000000000000
111001100000000001
111001110000000000
111010010000001111
001000000001100000
000001100000001001
110000000001011110
010001100000000001
001000000001100000
111001100000000000
010001010000000001
000001000000001001
110000000001100100
010001000000000001
001000000000010000
111001000000000000
010001010000000001
001000000000010000
100000010000001010
000000010000000000
110000000010100010
100000100000001011
000000100000000000
110000000010011100
100000110000001100
000000110000000000
110000000010000101
100001000000001101
000001000000000000
110000000001110100
001000000000010110
000001010000000010
110000000001111011
010001010000000001
000001110000000001
110000000001111101
010001110000000001
001000000000010110
111001010000000000
001000000001110111
011001110000000001
000010010000001111
110000000010000001
001000000010000011
111010010000001010
001000000000010110
111010010000001111
001000000000010110
000001000000001001
110000000010011000
000001000000000011
110000000010010000
010001000000000001
000001100000001001
110000000010011010
000001100000000010
110000000010010100
010001100000000001
001000000000010110
000001010000000010
110000000010011000
010001000000000001
001000000010001010
000001110000000001
110000000010011000
010001100000000001
001000000000010110
111001000000000000
001000000010001010
111001100000000001
001000000000010110
000000110000000101
110000000010100000
010000110000000001
001000000000010110
111000110000000000
001000000000010110
000000100000001001
110000000010100110
010000100000000001
001000000000010110
111000100000000000
001000000000010110
100000010000001010
000000010000000000
110000000010110101
100000100000001011
000000100000000000
110000000011000000
100000110000001100
000000110000000000
110000000011001011
100001000000001101
000001000000000000
110000000011011101
001000000011010110
000101010000001001
110000000010111001
010101010000000001
001000000011010110
111101010000000000
000101100000000101
110000000010111110
010101100000000001
001000000011010110
111101100000000000
001000000011010110
000101110000001001
110000000011000100
010101110000000001
001000000011010110
111101110000000000
000110000000000101
110000000011001001
010110000000000001
001000000011010110
111110000000000000
001000000011010110
000110010000001001
110000000011001111
010110010000000001
001000000011010110
111110010000000000
000000000000001001
110000000011010100
010000000000000001
001000000011010110
111000000000000000
001000000011010110
101101010000001110
101101100000001111
101101110000010000
101110000000010001
101110010000010010
101000000000010011
001000000011011101
100101000000010100
000101000000000001
110000000011100001
001000000000010000
100101000000010101
000101010000000000
110000000011100110
011101010000000001
001000000000101101
111101010000001001
000101100000000000
110000000011101011
011101100000000001
001000000000101101
111101100000000101
000101110000000000
110000000011110000
011101110000000001
001000000000101101
111101110000001001
000110000000000000
110000000011110101
011110000000000001
001000000000101101
111110000000000101
000110010000000000
110000000011111010
011110010000000001
001000000000101101
111110010000001001
011000000000000001
001000000000101101